1 3 2
110 3 2 0 1 1450 600 ABC123 0
201 2 1 1 0 2200 615 XYZ789 1
401 1 0 0 0 1800 630 AMB456 0
010 4 1 0 0 0950 645 CDE789 1
120 2 3 1 1 3100 700 FGH012 1
320 1 1 1 1 5 715 IJK345 1
601 2 0 0 0 2100 730 KLM678 0
210 3 2 1 0 2500 745 NOP901 1
500 2 1 0 0 1900 800 QRS234 0
110 4 0 1 0 1200 815 TUV567 1
401 1 2 0 0 1850 830 VWX890 0
310 3 1 1 1 5 845 YZA123 1
120 2 2 0 0 2850 900 BCD456 1
600 1 1 0 0 2050 915 EFG789 0
220 3 3 1 1 2650 930 HIJ012 1
501 2 0 0 0 1750 945 KLM345 0
300 1 1 1 0 9 1000 NOP678 1
410 2 2 0 1 1900 1015 QRS901 0
120 3 1 1 0 1350 1030 TUV234 1
120 2 3 0 0 2950 1045 VWX567 1
601 1 0 0 0 2000 1100 YZA890 0
200 4 2 1 1 3400 1115 BCD123 1
320 2 1 1 0 6 1130 EFG456 1
400 1 1 0 0 1800 1145 HIJ789 0
120 3 2 1 1 1550 1200 KLM012 1
510 2 1 0 0 2100 1215 NOP345 0
210 4 1 1 0 3650 1230 QRS678 1
610 1 2 0 0 1900 1245 TUV901 0
300 2 2 1 1 6 1300 VWX234 1
200 3 1 0 0 2450 1315 YZA567 1
401 2 1 0 1 1850 1330 BCD890 0
310 1 3 1 0 7 1345 EFG123 1
420 2 0 0 0 1950 1400 HIJ456 0
120 4 2 1 1 1650 1415 KLM789 1
520 2 1 0 0 2150 1430 NOP012 0
200 3 2 1 0 3800 1445 QRS345 1
401 1 1 0 0 1900 1500 TUV678 0
310 2 2 1 1 7 1515 VWX901 1
220 3 1 0 0 2750 1530 YZA234 1
410 2 0 0 0 1850 1545 BCD567 0
500 1 2 0 0 1950 1600 EFG890 0
320 4 1 1 1 8 1615 HIJ123 1
310 2 3 1 0 5 1630 KLM456 1
420 1 1 0 0 2000 1645 NOP789 0
310 3 2 1 1 8 1700 QRS012 1
520 2 1 0 0 2250 1715 TUV345 0
400 1 2 0 0 1850 1730 VWX678 1
410 4 1 1 1 1950 1745 YZA901 0
600 2 0 0 0 2050 1800 BCD234 0
500 3 1 0 0 2150 1815 EFG567 1
