2 1 3
110 3 2 0 1 1450 530 ABC123 0
201 2 1 1 0 2200 545 XYZ789 1
405 1 0 0 0 1800 600 AMB001 0
090 4 1 0 0 0950 615 CDE789 1
150 2 3 1 1 3100 630 FGH012 1
320 1 1 1 1 4800 645 IJK345 1
602 2 0 0 0 2100 700 KLM678 0
210 3 2 1 0 2500 715 NOP901 1
500 2 1 0 0 1900 730 QRS234 0
130 4 0 1 0 1200 745 TUV567 1
405 1 2 0 0 1850 800 VWX890 0
310 3 1 1 1 5200 815 YZA123 1
180 2 2 0 0 2850 830 BCD456 1
600 1 1 0 0 2050 845 EFG789 0
220 3 3 1 1 2650 900 HIJ012 1
501 2 0 0 0 1750 915 KLM345 0
350 1 1 1 0 8900 930 NOP678 1
410 2 2 0 1 1900 945 QRS901 0
140 3 1 1 0 1350 1000 TUV234 1
190 2 3 0 0 2950 1015 VWX567 1
605 1 0 0 0 2000 1030 YZA890 0
250 4 2 1 1 3400 1045 BCD123 1
330 2 1 1 0 5600 1100 EFG456 1
400 1 1 0 0 1800 1115 HIJ789 0
160 3 2 1 1 1550 1130 KLM012 1
510 2 1 0 0 2100 1145 NOP345 0
280 4 1 1 0 3650 1200 QRS678 1
610 1 2 0 0 1900 1215 TUV901 0
340 2 2 1 1 6000 1230 VWX234 1
200 3 1 0 0 2450 1245 YZA567 1
405 2 1 0 1 1850 1300 BCD890 0
360 1 3 1 0 7200 1315 EFG123 1
420 2 0 0 0 1950 1330 HIJ456 0
170 4 2 1 1 1650 1345 KLM789 1
520 2 1 0 0 2150 1400 NOP012 0
290 3 2 1 0 3800 1415 QRS345 1
405 1 1 0 0 1900 1430 TUV678 0
370 2 2 1 1 6800 1445 VWX901 1
230 3 1 0 0 2750 1500 YZA234 1
410 2 0 0 0 1850 1515 BCD567 0
500 1 2 0 0 1950 1530 EFG890 0
380 4 1 1 1 7500 1545 HIJ123 1
310 2 3 1 0 5300 1600 KLM456 1
420 1 1 0 0 2000 1615 NOP789 0
390 3 2 1 1 7800 1630 QRS012 1
520 2 1 0 0 2250 1645 TUV345 0
400 1 2 0 0 1850 1700 VWX678 1
410 4 1 1 1 1950 1715 YZA901 0
600 2 0 0 0 2050 1730 BCD234 0
500 3 1 0 0 2150 1745 EFG567 1
330 2 2 1 1 5500 1800 FGH890 1
410 1 0 0 0 1900 1815 GHI123 0
150 4 2 0 1 3200 1830 IJK456 1
610 2 1 0 0 2000 1845 JKL789 0
290 3 1 1 0 3750 1900 KLM012 1
500 1 2 0 0 1950 1915 LMN345 0
380 2 3 1 1 7600 1930 MNO678 1
420 3 1 0 0 2050 1945 NOP901 0
350 1 1 1 0 6700 2000 OPQ234 1
600 2 0 0 0 2100 2015 PQR567 0
410 4 2 1 1 2000 2030 QRS890 1
520 1 1 0 0 2250 2045 RST123 0
310 3 2 1 0 5400 2100 STU456 1
400 2 1 0 0 1850 2115 TUV789 0
380 1 2 0 1 7400 2130 UVW012 1
420 2 0 0 0 1950 2145 VWX345 0
360 4 1 1 1 7100 2200 WXY678 1
500 2 1 0 0 2150 2215 XYZ901 0
410 1 2 0 0 1900 2230 YZA234 1
390 3 1 1 0 7700 2245 ZAB567 0
405 2 0 0 0 1850 2300 ABC890 0
320 4 2 1 1 6100 2315 BCD123 1
510 1 1 0 0 2100 2330 CDE456 0
410 2 1 0 0 1950 2345 DEF789 1
350 3 2 1 1 6900 2355 EFG012 0
110 2 1 0 1 1250 600 FGH345 1
205 3 2 1 0 2550 610 GHI678 0
401 1 0 0 0 1850 620 HIJ901 1
095 4 2 0 0 1050 630 IJK234 0
155 2 1 1 1 3150 640 JKL567 1
325 3 2 1 0 4950 650 KLM890 0
605 1 1 0 0 2050 660 LMN123 1
215 2 3 1 1 2600 670 MNO456 0
505 2 0 0 0 1950 680 NOP789 1
135 4 1 0 0 1300 690 OPQ012 0
410 1 2 0 0 1900 700 PQR345 1
315 3 1 1 1 5300 710 QRS678 0
185 2 2 0 0 2900 720 RST901 1
605 1 1 0 0 2100 730 STU234 0
225 3 2 1 0 2700 740 TUV567 1
505 2 1 0 0 1800 750 UVW890 0
355 1 1 1 0 8950 800 VWX123 1
415 2 2 0 1 1950 810 WXY456 0
145 3 2 1 0 1400 820 XYZ789 1
195 2 1 0 0 3000 830 YZA012 0
610 1 0 0 0 2050 840 ABC345 1
255 4 2 1 1 3450 850 BCD678 0
335 2 1 1 0 5650 860 CDE901 1
405 1 1 0 0 1850 870 DEF234 0
165 3 2 1 1 1600 880 EFG567 1
515 2 1 0 0 2150 890 FGH890 0
285 4 1 1 0 3700 900 GHI123 1
615 1 2 0 0 1950 910 IJK456 0
345 2 2 1 1 6050 920 JKL789 1
205 3 1 0 0 2500 930 KLM012 0
410 2 1 0 1 1900 940 LMN345 1
365 1 3 1 0 7250 950 MNO678 0
425 2 0 0 0 2000 960 NOP901 1
175 4 2 1 1 1700 970 OPQ234 0
525 2 1 0 0 2200 980 PQR567 1
295 3 2 1 0 3850 990 QRS890 0
410 1 1 0 0 1950 1000 RST123 1
375 2 2 1 1 6850 1010 STU456 0
235 3 1 0 0 2800 1020 TUV789 1
415 2 0 0 0 1900 1030 UVW012 0
505 1 2 0 0 2000 1040 VWX345 1
385 4 1 1 1 7550 1050 WXY678 0
315 2 3 1 0 5350 1060 XYZ901 1
425 1 1 0 0 2050 1070 YZA234 0
395 3 2 1 1 7850 1080 ZAB567 1
525 2 1 0 0 2300 1090 ABC890 0
405 1 2 0 0 1900 1100 BCD123 1
415 4 1 1 1 2000 1110 CDE456 0
605 2 0 0 0 2100 1120 DEF789 1
505 3 1 0 0 2200 1130 EFG012 0
335 2 2 1 1 5550 1140 FGH345 1
415 1 0 0 0 1950 1150 GHI678 0
155 4 2 0 1 3250 1200 IJK901 1
615 2 1 0 0 2050 1210 JKL234 0
295 3 1 1 0 3800 1220 KLM567 1
505 1 2 0 0 2000 1230 LMN890 0
385 2 3 1 1 7650 1240 MNO123 1
425 3 1 0 0 2100 1250 NOP456 0
355 1 1 1 0 6750 1300 OPQ789 1
605 2 0 0 0 2150 1310 PQR012 0
415 4 2 1 1 2050 1320 QRS345 1
525 1 1 0 0 2300 1330 RST678 0
315 3 2 1 0 5450 1340 STU901 1
405 2 1 0 0 1900 1350 TUV234 0
385 1 2 0 1 7450 1400 UVW567 1
425 2 0 0 0 2000 1410 VWX890 0
365 4 1 1 1 7150 1420 WXY123 1
505 2 1 0 0 2200 1430 XYZ456 0
415 1 2 0 0 1950 1440 YZA789 1
395 3 1 1 0 7750 1450 ZAB012 0
410 2 0 0 0 1900 1500 ABC345 1
325 4 2 1 1 6150 1510 BCD678 0
515 1 1 0 0 2150 1520 CDE901 1
415 2 1 0 0 2000 1530 DEF234 0
355 3 2 1 1 6950 1540 EFG567 1
425 1 0 0 0 2050 1550 FGH890 0
375 4 1 1 0 7300 1600 GHI123 1
505 2 2 0 0 2250 1610 IJK456 0
415 1 1 0 1 1950 1620 JKL789 1
395 2 3 1 1 7900 1630 KLM012 0
425 3 1 0 0 2100 1640 LMN345 1
405 1 2 0 0 1900 1650 MNO678 0
415 4 1 1 1 2050 1700 NOP901 1
605 2 0 0 0 2200 1710 OPQ234 0
505 3 1 0 0 2300 1720 PQR567 1
335 2 2 1 1 5600 1730 QRS890 0
415 1 0 0 0 2000 1740 RST123 1
